Global Accuracy: 0.7888358428204186

{
    "ALT": [
        0,
        0,
        15
    ],
    "AND": [
        0,
        0,
        46
    ],
    "APX": [
        0,
        0,
        8
    ],
    "ART": [
        0,
        0,
        12
    ],
    "BOT": [
        0,
        0,
        1
    ],
    "BUT": [
        1,
        0,
        4
    ],
    "CLO": [
        0,
        0,
        15
    ],
    "COL": [
        0,
        0,
        19
    ],
    "CON": [
        0,
        0,
        561
    ],
    "COO": [
        0,
        0,
        7
    ],
    "DEF": [
        0,
        0,
        475
    ],
    "DEG": [
        0,
        0,
        20
    ],
    "DIS": [
        0,
        0,
        351
    ],
    "DOM": [
        0,
        0,
        8
    ],
    "DOW": [
        0,
        0,
        3
    ],
    "DST": [
        0,
        0,
        14
    ],
    "EFS": [
        0,
        0,
        3
    ],
    "EMP": [
        0,
        0,
        16
    ],
    "ENS": [
        0,
        0,
        184
    ],
    "EPS": [
        0,
        1,
        303
    ],
    "EQU": [
        0,
        0,
        6
    ],
    "EXG": [
        0,
        0,
        82
    ],
    "EXS": [
        0,
        0,
        166
    ],
    "EXT": [
        0,
        0,
        24
    ],
    "FUT": [
        0,
        0,
        25
    ],
    "GEO": [
        0,
        0,
        17
    ],
    "GPE": [
        0,
        0,
        54
    ],
    "GPO": [
        0,
        0,
        6
    ],
    "GRE": [
        1,
        1,
        1
    ],
    "GRP": [
        0,
        0,
        8
    ],
    "HAP": [
        0,
        0,
        1
    ],
    "HAS": [
        0,
        0,
        148
    ],
    "IMP": [
        0,
        0,
        7
    ],
    "INT": [
        0,
        0,
        15
    ],
    "IST": [
        0,
        0,
        170
    ],
    "ITJ": [
        0,
        0,
        1
    ],
    "LES": [
        0,
        0,
        1
    ],
    "LIT": [
        0,
        0,
        7
    ],
    "MOR": [
        0,
        0,
        2
    ],
    "MOY": [
        0,
        0,
        8
    ],
    "NEC": [
        0,
        0,
        2
    ],
    "NIL": [
        0,
        0,
        774
    ],
    "NOT": [
        0,
        0,
        82
    ],
    "NOW": [
        0,
        0,
        214
    ],
    "NTH": [
        0,
        0,
        1
    ],
    "ORD": [
        0,
        0,
        2
    ],
    "ORG": [
        0,
        0,
        12
    ],
    "PER": [
        0,
        0,
        242
    ],
    "PFT": [
        0,
        0,
        3
    ],
    "POS": [
        1,
        0,
        19
    ],
    "PRG": [
        0,
        0,
        1
    ],
    "PRO": [
        0,
        1,
        399
    ],
    "PRX": [
        1,
        1,
        38
    ],
    "PST": [
        0,
        0,
        115
    ],
    "QUC": [
        0,
        0,
        71
    ],
    "QUE": [
        1,
        0,
        116
    ],
    "QUV": [
        0,
        0,
        21
    ],
    "REF": [
        0,
        0,
        3
    ],
    "REL": [
        0,
        0,
        339
    ],
    "ROL": [
        0,
        0,
        84
    ],
    "SCO": [
        0,
        0,
        8
    ],
    "SST": [
        0,
        0,
        1
    ],
    "SUB": [
        0,
        0,
        7
    ],
    "TOP": [
        0,
        0,
        7
    ],
    "UOM": [
        0,
        0,
        47
    ],
    "YOC": [
        0,
        0,
        24
    ]
}